;masse A;;;;
t;x;y;v;a;
9,803;4,908E-3;3,697E-3;;
9,806;;;;
9,809;;;;
9,812;;;;
9,815;;;;
9,818;4,525E-3;3,187E-3;3,365E-2;
9,821;;;;
9,824;;;;
9,827;;;;
9,830;;;;
9,833;3,888E-3;3,697E-3;1,517E-2;0,955
9,836;;;;
9,839;;;;
9,842;;;;
9,845;;;;
9,848;4,780E-3;3,569E-3;2,103E-2;0,887
9,852;;;;
9,855;;;;
9,858;;;;
9,861;;;;
9,864;4,398E-3;3,314E-3;2,103E-2;1,102
9,867;;;;
9,870;;;;
9,873;;;;
9,876;;;;
9,879;4,270E-3;3,187E-3;5,949E-3;0,904
9,882;;;;
9,885;;;;
9,888;;;;
9,891;;;;
9,894;4,270E-3;3,442E-3;3,062E-2;0,483
9,897;;;;
9,900;;;;
9,903;;;;
9,906;;;;
9,909;4,015E-3;2,295E-3;2,145E-2;0,604
9,912;;;;
9,915;;;;
9,918;;;;
9,921;;;;
9,924;4,398E-3;2,804E-3;1,881E-2;1,686
9,927;;;;
9,930;;;;
9,933;;;;
9,936;;;;
9,939;4,525E-3;2,040E-3;3,062E-2;1,291
9,942;;;;
9,945;;;;
9,948;;;;
9,952;;;;
9,955;5,290E-3;2,549E-3;2,975E-2;0,753
9,958;;;;
9,961;;;;
9,964;;;;
9,967;;;;
9,970;5,163E-3;1,402E-3;4,228E-2;0,873
9,973;;;;
9,976;;;;
9,979;;;;
9,982;;;;
9,985;5,163E-3;1,275E-3;4,207E-3;1,516
9,988;;;;
9,991;;;;
9,994;;;;
9,997;;;;
10,000;5,163E-3;1,275E-3;0,000;0,355
10,003;;;;
10,006;;;;
10,009;;;;
10,012;;;;
10,015;5,163E-3;1,275E-3;8,413E-3;0,159
10,018;;;;
10,021;;;;
10,024;;;;
10,027;;;;
10,030;4,908E-3;1,275E-3;8,413E-3;0,000
10,033;;;;
10,036;;;;
10,039;;;;
10,042;;;;
10,045;4,908E-3;1,275E-3;4,207E-3;0,238
10,048;;;;
10,052;;;;
10,055;;;;
10,058;;;;
10,061;4,780E-3;1,275E-3;4,207E-3;7,933E-2
10,064;;;;
10,067;;;;
10,070;;;;
10,073;;;;
10,076;4,780E-3;1,275E-3;0,000;0,502
10,079;;;;
10,082;;;;
10,085;;;;
10,088;;;;
10,091;4,780E-3;1,275E-3;1,517E-2;0,891
10,094;;;;
10,097;;;;
10,100;;;;
10,103;;;;
10,106;4,525E-3;8,923E-4;1,640E-2;1,499
10,109;;;;
10,112;;;;
10,115;;;;
10,118;;;;
10,121;4,884E-3;1,761E-3;4,774E-2;2,078
10,124;;;;
10,127;;;;
10,130;;;;
10,133;;;;
10,136;5,111E-3;2,215E-3;4,636E-2;1,433
10,139;;;;
10,142;;;;
10,145;;;;
10,148;;;;
10,152;5,225E-3;3,976E-4;2,186E-2;0,985
10,155;;;;
10,158;;;;
10,161;;;;
10,164;;;;
10,167;4,771E-3;1,647E-3;2,703E-2;0,824
10,170;;;;
10,173;;;;
10,176;;;;
10,179;;;;
10,182;4,543E-3;8,519E-4;3,394E-2;1,992
10,185;;;;
10,188;;;;
10,191;;;;
10,194;;;;
10,197;4,884E-3;6,247E-4;2,514E-2;1,185
10,200;;;;
10,203;;;;
10,206;;;;
10,209;;;;
10,212;4,884E-3;1,704E-4;1,060E-2;1,838
10,215;;;;
10,218;;;;
10,221;;;;
10,224;;;;
10,227;5,111E-3;3,976E-4;3,394E-2;0,538
10,230;;;;
10,233;;;;
10,236;;;;
10,239;;;;
10,242;4,771E-3;1,193E-3;1,676E-2;1,414
10,245;;;;
10,248;;;;
10,252;;;;
10,255;;;;
10,258;4,884E-3;8,519E-4;2,280E-2;1,051
10,261;;;;
10,264;;;;
10,267;;;;
10,270;;;;
10,273;4,884E-3;5,111E-4;1,125E-2;0,381
10,276;;;;
10,279;;;;
10,282;;;;
10,285;;;;
10,288;4,884E-3;5,111E-4;7,497E-3;0,283
10,291;;;;
10,294;;;;
10,297;;;;
10,300;;;;
10,303;4,884E-3;2,840E-4;7,497E-3;0,632
10,306;;;;
10,309;;;;
10,312;;;;
10,315;;;;
10,318;4,884E-3;2,840E-4;1,351E-2;0,696
10,321;;;;
10,324;;;;
10,327;;;;
10,330;;;;
10,333;4,657E-3;6,247E-4;2,186E-2;0,781
10,336;;;;
10,339;;;;
10,342;;;;
10,345;;;;
10,348;4,543E-3;-2,840E-4;3,022E-2;0,381
10,352;;;;
10,355;;;;
10,358;;;;
10,361;;;;
10,364;4,543E-3;-2,840E-4;0,000;0,565
10,367;;;;
10,370;;;;
10,373;;;;
10,376;;;;
10,379;4,543E-3;-2,840E-4;3,203E-2;0,381
10,382;;;;
10,385;;;;
10,388;;;;
10,391;;;;
10,394;4,884E-3;-1,193E-3;1,911E-2;0,700
10,397;;;;
10,400;;;;
10,403;;;;
10,406;;;;
10,409;4,430E-3;-8,519E-4;1,545E-2;0,381
10,412;;;;
10,415;;;;
10,418;;;;
10,421;;;;
10,424;4,430E-3;-1,079E-3;1,874E-2;1,202
10,427;;;;
10,430;;;;
10,433;;;;
10,436;;;;
10,439;4,430E-3;-1,420E-3;2,624E-2;0,212
10,442;;;;
10,445;;;;
10,448;;;;
10,452;;;;
10,455;4,430E-3;-1,874E-3;1,499E-2;0,283
10,458;;;;
10,461;;;;
10,464;;;;
10,467;;;;
10,470;4,430E-3;-1,874E-3;1,125E-2;0,353
10,473;;;;
10,476;;;;
10,479;;;;
10,482;;;;
10,485;4,430E-3;-2,215E-3;1,125E-2;0,212
10,488;;;;
10,491;;;;
10,494;;;;
10,497;;;;
10,500;4,430E-3;-2,215E-3;0,000;0,141
10,503;;;;
10,506;;;;
10,509;;;;
10,512;;;;
10,515;4,430E-3;-2,215E-3;7,497E-3;0,141
10,518;;;;
10,521;;;;
10,524;;;;
10,527;;;;
10,530;4,430E-3;-2,442E-3;7,497E-3;1,303
10,533;;;;
10,536;;;;
10,539;;;;
10,542;;;;
10,545;4,430E-3;-2,442E-3;3,181E-2;0,761
10,548;;;;
10,552;;;;
10,555;;;;
10,558;;;;
10,561;3,748E-3;-1,761E-3;2,928E-2;0,765
10,564;;;;
10,567;;;;
10,570;;;;
10,573;;;;
10,576;3,862E-3;-1,761E-3;7,497E-3;1,399
10,579;;;;
10,582;;;;
10,585;;;;
10,588;;;;
10,591;3,976E-3;-1,761E-3;8,382E-3;0,381
10,594;;;;
10,597;;;;
10,600;;;;
10,603;;;;
10,606;4,089E-3;-1,874E-3;1,185E-2;1,005
10,609;;;;
10,612;;;;
10,615;;;;
10,618;;;;
10,621;4,089E-3;-2,101E-3;3,456E-2;0,961
10,624;;;;
10,627;;;;
10,630;;;;
10,633;;;;
10,636;4,884E-3;-2,556E-3;3,022E-2;1,070
10,639;;;;
10,642;;;;
10,645;;;;
10,648;;;;
10,652;3,976E-3;-3,010E-3;3,536E-2;1,151
10,655;;;;
10,658;;;;
10,661;;;;
10,664;;;;
10,667;3,976E-3;-3,124E-3;1,185E-2;1,878
10,670;;;;
10,673;;;;
10,676;;;;
10,679;;;;
10,682;3,635E-3;-3,124E-3;1,125E-2;0,353
10,685;;;;
10,688;;;;
10,691;;;;
10,694;;;;
10,697;4,316E-3;-3,124E-3;1,545E-2;0,291
10,700;;;;
10,703;;;;
10,706;;;;
10,709;;;;
10,712;4,089E-3;-3,237E-3;1,185E-2;0,500
10,715;;;;
10,718;;;;
10,721;;;;
10,724;;;;
10,727;3,976E-3;-3,237E-3;1,351E-2;1,656
10,730;;;;
10,733;;;;
10,736;;;;
10,739;;;;
10,742;4,316E-3;-3,578E-3;4,800E-2;1,859
10,745;;;;
10,748;;;;
10,752;;;;
10,755;;;;
10,758;4,884E-3;-4,373E-3;3,022E-2;3,215
10,761;;;;
10,764;;;;
10,767;;;;
10,770;;;;
10,773;4,430E-3;-2,669E-3;8,221E-2;1,429
10,776;;;;
10,779;;;;
10,782;;;;
10,785;;;;
10,788;3,862E-3;-2,101E-3;2,651E-2;3,105
10,791;;;;
10,794;;;;
10,797;;;;
10,800;;;;
10,803;4,316E-3;-3,464E-3;3,748E-2;0,447
10,806;;;;
10,809;;;;
10,812;;;;
10,815;;;;
10,818;3,862E-3;-3,237E-3;1,874E-2;2,687
10,821;;;;
10,824;;;;
10,827;;;;
10,830;;;;
10,833;3,862E-3;-3,124E-3;3,859E-2;0,671
10,836;;;;
10,839;;;;
10,842;;;;
10,845;;;;
10,848;2,840E-3;-2,669E-3;1,874E-2;1,151
10,852;;;;
10,855;;;;
10,858;;;;
10,861;;;;
10,864;3,408E-3;-2,783E-3;1,874E-2;1,588
10,867;;;;
10,870;;;;
10,873;;;;
10,876;;;;
10,879;3,294E-3;-3,010E-3;2,651E-2;0,640
10,882;;;;
10,885;;;;
10,888;;;;
10,891;;;;
10,894;3,294E-3;-3,578E-3;1,874E-2;0,961
10,897;;;;
10,900;;;;
10,903;;;;
10,906;;;;
10,909;3,294E-3;-3,578E-3;8,382E-3;0,851
10,912;;;;
10,915;;;;
10,918;;;;
10,921;;;;
10,924;3,408E-3;-3,351E-3;8,382E-3;0,158
10,927;;;;
10,930;;;;
10,933;;;;
10,936;;;;
10,939;3,408E-3;-3,351E-3;0,000;0,707
10,942;;;;
10,945;;;;
10,948;;;;
10,952;;;;
10,955;3,408E-3;-3,351E-3;1,676E-2;1,077
10,958;;;;
10,961;;;;
10,964;;;;
10,967;;;;
10,970;3,862E-3;-3,578E-3;3,456E-2;1,097
10,973;;;;
10,976;;;;
10,979;;;;
10,982;;;;
10,985;4,430E-3;-3,124E-3;1,590E-2;2,758
10,988;;;;
10,991;;;;
10,994;;;;
10,997;;;;
11,000;3,521E-3;-3,237E-3;6,372E-2;3,566
11,003;;;;
11,006;;;;
11,009;;;;
11,012;;;;
11,015;2,499E-3;-3,124E-3;8,719E-2;0,961
11,018;;;;
11,021;;;;
11,024;;;;
11,027;;;;
11,030;5,907E-3;-2,101E-3;3,456E-2;3,059
11,033;;;;
11,036;;;;
11,039;;;;
11,042;;;;
11,045;3,521E-3;-2,896E-3;9,066E-2;2,849
11,048;;;;
11,052;;;;
11,055;;;;
11,058;;;;
11,061;3,521E-3;-3,464E-3;1,911E-2;3,175
11,064;;;;
11,067;;;;
11,070;;;;
11,073;;;;
11,076;3,635E-3;-3,464E-3;1,185E-2;0,500
11,079;;;;
11,082;;;;
11,085;;;;
11,088;;;;
11,091;3,635E-3;-3,805E-3;1,125E-2;0,255
11,094;;;;
11,097;;;;
11,100;;;;
11,103;;;;
11,106;3,635E-3;-3,805E-3;0,000;0,424
11,109;;;;
11,112;;;;
11,115;;;;
11,118;;;;
11,121;3,635E-3;-3,805E-3;0,000;0,000
11,124;;;;
11,127;;;;
11,130;;;;
11,133;;;;
11,136;3,635E-3;-3,805E-3;0,000;0,000
11,139;;;;
11,142;;;;
11,145;;;;
11,148;;;;
11,152;3,635E-3;-3,805E-3;0,000;0,848
11,155;;;;
11,158;;;;
11,161;;;;
11,164;;;;
11,167;3,635E-3;-3,805E-3;2,249E-2;0,424
11,170;;;;
11,173;;;;
11,176;;;;
11,179;;;;
11,182;3,635E-3;-4,487E-3;2,249E-2;1,000
11,185;;;;
11,188;;;;
11,191;;;;
11,194;;;;
11,197;3,635E-3;-4,487E-3;1,545E-2;1,133
11,200;;;;
11,203;;;;
11,206;;;;
11,209;;;;
11,212;3,748E-3;-4,032E-3;1,545E-2;0,158
11,215;;;;
11,218;;;;
11,221;;;;
11,224;;;;
11,227;3,748E-3;-4,032E-3;3,748E-3;1,251
11,230;;;;
11,233;;;;
11,236;;;;
11,239;;;;
11,242;3,748E-3;-3,919E-3;2,729E-2;0,765
11,245;;;;
11,248;;;;
11,252;;;;
11,255;;;;
11,258;4,543E-3;-4,260E-3;3,091E-2;1,000
11,261;;;;
11,264;;;;
11,267;;;;
11,270;;;;
11,273;4,657E-3;-3,692E-3;2,651E-2;2,418
11,276;;;;
11,279;;;;
11,282;;;;
11,285;;;;
11,288;4,430E-3;-3,464E-3;4,191E-2;0,790
11,291;;;;
11,294;;;;
11,297;;;;
11,300;;;;
11,303;3,521E-3;-3,124E-3;2,019E-2;1,358
11,306;;;;
11,309;;;;
11,312;;;;
11,315;;;;
11,318;3,862E-3;-3,237E-3;1,590E-2;0,538
11,321;;;;
11,324;;;;
11,327;;;;
11,330;;;;
11,333;3,862E-3;-3,464E-3;3,091E-2;1,019
11,336;;;;
11,339;;;;
11,342;;;;
11,345;;;;
11,348;2,953E-3;-3,464E-3;2,019E-2;0,552
11,352;;;;
11,355;;;;
11,358;;;;
11,361;;;;
11,364;4,430E-3;-3,237E-3;2,019E-2;0,381
11,367;;;;
11,370;;;;
11,373;;;;
11,376;;;;
11,379;3,521E-3;-3,237E-3;2,999E-2;3,405
11,382;;;;
11,385;;;;
11,388;;;;
11,391;;;;
11,394;3,521E-3;-3,237E-3;5,623E-2;0,765
11,397;;;;
11,400;;;;
11,403;;;;
11,406;;;;
11,409;1,817E-3;-3,237E-3;4,274E-2;2,940
11,412;;;;
11,415;;;;
11,418;;;;
11,421;;;;
11,424;2,272E-3;-2,896E-3;5,927E-2;3,589
11,427;;;;
11,430;;;;
11,433;;;;
11,436;;;;
11,439;3,521E-3;-2,669E-3;6,674E-2;1,756
11,442;;;;
11,445;;;;
11,448;;;;
11,452;;;;
11,455;3,862E-3;-4,146E-3;4,636E-2;1,834
11,458;;;;
11,461;;;;
11,464;;;;
11,467;;;;
11,470;3,862E-3;-4,032E-3;8,382E-3;1,871
11,473;;;;
11,476;;;;
11,479;;;;
11,482;;;;
11,485;3,976E-3;-3,919E-3;5,301E-3;0,224
11,488;;;;
11,491;;;;
11,494;;;;
11,497;;;;
11,500;3,976E-3;-3,919E-3;0,000;0,316
11,503;;;;
11,506;;;;
11,509;;;;
11,512;;;;
11,515;3,976E-3;-3,919E-3;3,748E-3;0,212
11,518;;;;
11,521;;;;
11,524;;;;
11,527;;;;
11,530;3,976E-3;-4,032E-3;7,497E-3;1,649
11,533;;;;
11,536;;;;
11,539;;;;
11,542;;;;
11,545;3,976E-3;-4,146E-3;4,054E-2;0,474
11,548;;;;
11,552;;;;
11,555;;;;
11,558;;;;
11,561;4,657E-3;-3,010E-3;2,371E-2;1,140
11,564;;;;
11,567;;;;
11,570;;;;
11,573;;;;
11,576;4,657E-3;-3,919E-3;2,651E-2;1,118
11,579;;;;
11,582;;;;
11,585;;;;
11,588;;;;
11,591;4,543E-3;-3,805E-3;8,382E-3;1,060
11,594;;;;
11,597;;;;
11,600;;;;
11,603;;;;
11,606;4,543E-3;-3,692E-3;1,911E-2;0,224
11,609;;;;
11,612;;;;
11,615;;;;
11,618;;;;
11,621;3,976E-3;-3,919E-3;7,497E-3;0,583
11,624;;;;
11,627;;;;
11,630;;;;
11,633;;;;
11,636;4,316E-3;-3,692E-3;1,351E-2;0,515
11,639;;;;
11,642;;;;
11,645;;;;
11,648;;;;
11,652;4,316E-3;-3,692E-3;0,000;0,510
11,655;;;;
11,658;;;;
11,661;;;;
11,664;;;;
11,667;4,316E-3;-3,692E-3;0,000;0,000
11,670;;;;
11,673;;;;
11,676;;;;
11,679;;;;
11,682;4,316E-3;-3,692E-3;0,000;0,990
11,685;;;;
11,688;;;;
11,691;;;;
11,694;;;;
11,697;4,316E-3;-3,692E-3;2,624E-2;0,495
11,700;;;;
11,703;;;;
11,706;;;;
11,709;;;;
11,712;4,316E-3;-4,487E-3;2,624E-2;0,255
11,715;;;;
11,718;;;;
11,721;;;;
11,724;;;;
11,727;4,316E-3;-4,487E-3;8,382E-3;0,710
11,730;;;;
11,733;;;;
11,736;;;;
11,739;;;;
11,742;4,203E-3;-4,714E-3;1,185E-2;9,996E-2
11,745;;;;
11,748;;;;
11,752;;;;
11,755;;;;
11,758;4,203E-3;-4,827E-3;3,748E-3;1,903
11,761;;;;
11,764;;;;
11,767;;;;
11,770;;;;
11,773;4,203E-3;-4,827E-3;4,371E-2;0,721
11,776;;;;
11,779;;;;
11,782;;;;
11,785;;;;
11,788;3,521E-3;-3,692E-3;3,692E-2;1,079
11,791;;;;
11,794;;;;
11,797;;;;
11,800;;;;
11,803;3,748E-3;-3,805E-3;1,060E-2;1,708
11,806;;;;
11,809;;;;
11,812;;;;
11,815;;;;
11,818;3,748E-3;-3,919E-3;7,497E-3;0,316
11,821;;;;
11,824;;;;
11,827;;;;
11,830;;;;
11,833;3,748E-3;-4,032E-3;3,748E-3;0,961
11,836;;;;
11,839;;;;
11,842;;;;
11,845;;;;
11,848;3,748E-3;-4,032E-3;3,022E-2;
11,852;;;;
11,855;;;;
11,858;;;;
11,861;;;;
11,864;3,294E-3;-4,827E-3;;
11,867;;;;
11,870;;;;
11,873;;;;
11,876;;;;
11,879;;;;
11,882;;;;
11,885;;;;
11,888;;;;
11,891;;;;
11,894;3,748E-3;-4,487E-3;;
11,897;;;;
11,900;;;;
11,903;;;;
11,906;;;;
11,909;3,748E-3;-4,260E-3;7,497E-3;
11,912;;;;
11,915;;;;
11,918;;;;
11,921;;;;
11,924;3,748E-3;-4,260E-3;1,676E-2;0,424
11,927;;;;
11,930;;;;
11,933;;;;
11,936;;;;
11,939;3,976E-3;-3,805E-3;5,301E-3;1,100
11,942;;;;
11,945;;;;
11,948;;;;
11,952;;;;
11,955;3,862E-3;-4,146E-3;2,651E-2;0,781
11,958;;;;
11,961;;;;
11,964;;;;
11,967;;;;
11,970;3,408E-3;-4,373E-3;2,019E-2;0,851
11,973;;;;
11,976;;;;
11,979;;;;
11,982;;;;
11,985;4,430E-3;-3,919E-3;1,676E-2;0,424
11,988;;;;
11,991;;;;
11,994;;;;
11,997;;;;
12,000;3,635E-3;-3,919E-3;2,249E-2;0,905
12,003;;;;
12,006;;;;
12,009;;;;
12,012;;;;
12,015;3,748E-3;-3,919E-3;3,748E-3;0,919
12,018;;;;
12,021;;;;
12,024;;;;
12,027;;;;
12,030;3,748E-3;-3,919E-3;0,000;0,141
12,033;;;;
12,036;;;;
12,039;;;;
12,042;;;;
12,045;3,748E-3;-3,919E-3;0,000;0,316
12,048;;;;
12,052;;;;
12,055;;;;
12,058;;;;
12,061;3,748E-3;-3,919E-3;8,382E-3;0,291
12,064;;;;
12,067;;;;
12,070;;;;
12,073;;;;
12,076;3,976E-3;-3,805E-3;1,185E-2;0,538
12,079;;;;
12,082;;;;
12,085;;;;
12,088;;;;
12,091;4,089E-3;-3,805E-3;1,125E-2;0,552
12,094;;;;
12,097;;;;
12,100;;;;
12,103;;;;
12,106;3,976E-3;-4,146E-3;1,185E-2;0,943
12,109;;;;
12,112;;;;
12,115;;;;
12,118;;;;
12,121;3,976E-3;-4,146E-3;2,249E-2;0,283
12,124;;;;
12,127;;;;
12,130;;;;
12,133;;;;
12,136;3,294E-3;-4,146E-3;2,514E-2;0,863
12,139;;;;
12,142;;;;
12,145;;;;
12,148;;;;
12,152;3,294E-3;-4,487E-3;2,019E-2;1,234
12,155;;;;
12,158;;;;
12,161;;;;
12,164;;;;
12,167;3,521E-3;-4,714E-3;2,514E-2;7,068E-2
12,170;;;;
12,173;;;;
12,176;;;;
12,179;;;;
12,182;3,635E-3;-5,168E-3;2,280E-2;0,552
12,185;;;;
12,188;;;;
12,191;;;;
12,194;;;;
12,197;3,635E-3;-5,395E-3;7,497E-3;0,894
12,200;;;;
12,203;;;;
12,206;;;;
12,209;;;;
12,212;3,635E-3;-5,395E-3;3,224E-2;1,552
12,215;;;;
12,218;;;;
12,221;;;;
12,224;;;;
12,227;3,067E-3;-6,191E-3;5,734E-2;1,513
12,230;;;;
12,233;;;;
12,236;;;;
12,239;;;;
12,242;3,976E-3;-7,099E-3;3,022E-2;1,070
12,245;;;;
12,248;;;;
12,252;;;;
12,255;;;;
12,258;3,976E-3;-6,077E-3;3,748E-3;2,000
12,261;;;;
12,264;;;;
12,267;;;;
12,270;;;;
12,273;3,976E-3;-6,986E-3;1,499E-2;0,316
12,276;;;;
12,279;;;;
12,282;;;;
12,285;;;;
12,288;3,521E-3;-6,077E-3;3,353E-2;0,632
12,291;;;;
12,294;;;;
12,297;;;;
12,300;;;;
12,303;3,521E-3;-6,077E-3;0,000;1,303
12,306;;;;
12,309;;;;
12,312;;;;
12,315;;;;
12,318;3,521E-3;-6,077E-3;8,382E-3;0,381
12,321;;;;
12,324;;;;
12,327;;;;
12,330;;;;
12,333;3,294E-3;-6,191E-3;1,351E-2;0,158
12,336;;;;
12,339;;;;
12,342;;;;
12,345;;;;
12,348;3,294E-3;-6,418E-3;7,497E-3;0,400
12,352;;;;
12,355;;;;
12,358;;;;
12,361;;;;
12,364;3,294E-3;-6,418E-3;0,000;0,283
12,367;;;;
12,370;;;;
12,373;;;;
12,376;;;;
12,379;3,294E-3;-6,418E-3;0,000;0,000
12,382;;;;
12,385;;;;
12,388;;;;
12,391;;;;
12,394;3,294E-3;-6,418E-3;0,000;1,843
12,397;;;;
12,400;;;;
12,403;;;;
12,406;;;;
12,409;3,294E-3;-6,418E-3;4,887E-2;0,360
12,412;;;;
12,415;;;;
12,418;;;;
12,421;;;;
12,424;3,408E-3;-4,941E-3;2,855E-2;1,345
12,427;;;;
12,430;;;;
12,433;;;;
12,436;;;;
12,439;3,635E-3;-5,623E-3;2,371E-2;1,581
12,442;;;;
12,445;;;;
12,448;;;;
12,452;;;;
12,455;3,635E-3;-5,623E-3;3,748E-3;0,827
12,458;;;;
12,461;;;;
12,464;;;;
12,467;;;;
12,470;3,635E-3;-5,736E-3;3,748E-3;7,068E-2
12,473;;;;
12,476;;;;
12,479;;;;
12,482;;;;
12,485;3,635E-3;-5,736E-3;0,000;0,141
12,488;;;;
12,491;;;;
12,494;;;;
12,497;;;;
12,500;3,635E-3;-5,736E-3;0,000;0,000
12,503;;;;
12,506;;;;
12,509;;;;
12,512;;;;
12,515;3,635E-3;-5,736E-3;0,000;0,000
12,518;;;;
12,521;;;;
12,524;;;;
12,527;;;;
12,530;3,635E-3;-5,736E-3;0,000;0,141
12,533;;;;
12,536;;;;
12,539;;;;
12,542;;;;
12,545;3,635E-3;-5,736E-3;3,748E-3;7,068E-2
12,548;;;;
12,552;;;;
12,555;;;;
12,558;;;;
12,561;3,521E-3;-5,736E-3;3,748E-3;7,068E-2
12,564;;;;
12,567;;;;
12,570;;;;
12,573;;;;
12,576;3,521E-3;-5,736E-3;0,000;0,141
12,579;;;;
12,582;;;;
12,585;;;;
12,588;;;;
12,591;3,521E-3;-5,736E-3;0,000;0,000
12,594;;;;
12,597;;;;
12,600;;;;
12,603;;;;
12,606;3,521E-3;-5,736E-3;0,000;0,000
12,609;;;;
12,612;;;;
12,615;;;;
12,618;;;;
12,621;3,521E-3;-5,736E-3;0,000;0,141
12,624;;;;
12,627;;;;
12,630;;;;
12,633;;;;
12,636;3,521E-3;-5,736E-3;3,748E-3;7,068E-2
12,639;;;;
12,642;;;;
12,645;;;;
12,648;;;;
12,652;3,521E-3;-5,850E-3;0,000;0,707
12,655;;;;
12,658;;;;
12,661;;;;
12,664;;;;
12,667;3,521E-3;-5,736E-3;1,874E-2;0,353
12,670;;;;
12,673;;;;
12,676;;;;
12,679;;;;
12,682;3,180E-3;-6,304E-3;2,186E-2;0,300
12,685;;;;
12,688;;;;
12,691;;;;
12,694;;;;
12,697;3,180E-3;-6,304E-3;0,000;0,824
12,700;;;;
12,703;;;;
12,706;;;;
12,709;;;;
12,712;3,180E-3;-6,304E-3;0,000;0,000
12,715;;;;
12,718;;;;
12,721;;;;
12,724;;;;
12,727;3,180E-3;-6,304E-3;0,000;0,316
12,730;;;;
12,733;;;;
12,736;;;;
12,739;;;;
12,742;3,180E-3;-6,304E-3;8,382E-3;0,158
12,745;;;;
12,748;;;;
12,752;;;;
12,755;;;;
12,758;3,294E-3;-6,531E-3;8,382E-3;0,158
12,761;;;;
12,764;;;;
12,767;;;;
12,770;;;;
12,773;3,294E-3;-6,531E-3;0,000;0,424
12,776;;;;
12,779;;;;
12,782;;;;
12,785;;;;
12,788;3,294E-3;-6,531E-3;1,060E-2;1,897
12,791;;;;
12,794;;;;
12,797;;;;
12,800;;;;
12,803;3,067E-3;-6,758E-3;4,529E-2;1,081
12,806;;;;
12,809;;;;
12,812;;;;
12,815;;;;
12,818;3,862E-3;-5,282E-3;8,382E-3;1,680
12,821;;;;
12,824;;;;
12,827;;;;
12,830;;;;
12,833;3,180E-3;-6,986E-3;5,709E-2;0,824
12,836;;;;
12,839;;;;
12,842;;;;
12,845;;;;
12,848;3,180E-3;-6,872E-3;5,301E-3;2,376
12,852;;;;
12,855;;;;
12,858;;;;
12,861;;;;
12,864;3,294E-3;-6,872E-3;5,301E-3;0,500
12,867;;;;
12,870;;;;
12,873;;;;
12,876;;;;
12,879;3,294E-3;-6,758E-3;7,497E-3;0,948
12,882;;;;
12,885;;;;
12,888;;;;
12,891;;;;
12,894;3,294E-3;-7,099E-3;2,729E-2;1,834
12,897;;;;
12,900;;;;
12,903;;;;
12,906;;;;
12,909;3,067E-3;-7,554E-3;4,274E-2;0,608
12,912;;;;
12,915;;;;
12,918;;;;
12,921;;;;
12,924;2,499E-3;-6,077E-3;1,911E-2;1,513
12,927;;;;
12,930;;;;
12,933;;;;
12,936;;;;
12,939;2,953E-3;-6,986E-3;4,037E-2;1,476
12,942;;;;
12,945;;;;
12,948;;;;
12,952;;;;
12,955;2,953E-3;-7,213E-3;7,497E-3;1,392
12,958;;;;
12,961;;;;
12,964;;;;
12,967;;;;
12,970;2,953E-3;-7,213E-3;0,000;0,283
12,973;;;;
12,976;;;;
12,979;;;;
12,982;;;;
12,985;2,953E-3;-7,213E-3;0,000;0,000
12,988;;;;
12,991;;;;
12,994;;;;
12,997;;;;
13,000;2,953E-3;-7,213E-3;0,000;0,000
13,003;;;;
13,006;;;;
13,009;;;;
13,012;;;;
13,015;2,953E-3;-7,213E-3;0,000;0,000
13,018;;;;
13,021;;;;
13,024;;;;
13,027;;;;
13,030;2,953E-3;-7,213E-3;0,000;0,141
13,033;;;;
13,036;;;;
13,039;;;;
13,042;;;;
13,045;2,953E-3;-7,213E-3;3,748E-3;7,068E-2
13,048;;;;
13,052;;;;
13,055;;;;
13,058;;;;
13,061;2,953E-3;-7,326E-3;3,748E-3;0,212
13,064;;;;
13,067;;;;
13,070;;;;
13,073;;;;
13,076;2,953E-3;-7,326E-3;7,497E-3;0,000
13,079;;;;
13,082;;;;
13,085;;;;
13,088;;;;
13,091;2,953E-3;-7,554E-3;7,497E-3;0,141
13,094;;;;
13,097;;;;
13,100;;;;
13,103;;;;
13,106;2,953E-3;-7,554E-3;0,000;0,400
13,109;;;;
13,112;;;;
13,115;;;;
13,118;;;;
13,121;2,953E-3;-7,554E-3;1,676E-2;0,316
13,124;;;;
13,127;;;;
13,130;;;;
13,133;;;;
13,136;2,726E-3;-8,008E-3;1,676E-2;0,632
13,139;;;;
13,142;;;;
13,145;;;;
13,148;;;;
13,152;2,726E-3;-8,008E-3;1,351E-2;0,992
13,155;;;;
13,158;;;;
13,161;;;;
13,164;;;;
13,167;2,385E-3;-7,781E-3;2,120E-2;0,447
13,170;;;;
13,173;;;;
13,176;;;;
13,179;;;;
13,182;2,272E-3;-7,554E-3;1,185E-2;0,985
13,185;;;;
13,188;;;;
13,191;;;;
13,194;;;;
13,197;2,499E-3;-7,440E-3;1,545E-2;0,255
13,200;;;;
13,203;;;;
13,206;;;;
13,209;;;;
13,212;2,726E-3;-7,440E-3;1,676E-2;2,817
13,215;;;;
13,218;;;;
13,221;;;;
13,224;;;;
13,227;2,726E-3;-6,986E-3;6,102E-2;0,158
13,230;;;;
13,233;;;;
13,236;;;;
13,239;;;;
13,242;2,385E-3;-9,257E-3;2,624E-2;1,817
13,245;;;;
13,248;;;;
13,252;;;;
13,255;;;;
13,258;2,726E-3;-7,781E-3;5,001E-2;
13,261;;;;
13,264;;;;
13,267;;;;
13,270;;;;
13,273;2,726E-3;-7,781E-3;;
13,276;;;;
13,279;;;;
13,282;;;;
13,285;;;;
13,288;;;;
13,291;;;;
13,294;;;;
13,297;;;;
13,300;;;;
13,303;1,817E-3;-8,462E-3;;
13,306;;;;
13,309;;;;
13,312;;;;
13,315;;;;
13,318;2,953E-3;-7,213E-3;5,572E-2;
13,321;;;;
13,324;;;;
13,327;;;;
13,330;;;;
13,333;2,953E-3;-7,213E-3;1,499E-2;2,319
13,336;;;;
13,339;;;;
13,342;;;;
13,345;;;;
13,348;2,953E-3;-7,667E-3;1,499E-2;1,523
13,352;;;;
13,355;;;;
13,358;;;;
13,361;;;;
13,364;2,953E-3;-7,667E-3;3,353E-2;0,316
13,367;;;;
13,370;;;;
13,373;;;;
13,376;;;;
13,379;3,408E-3;-6,758E-3;8,382E-3;1,422
13,382;;;;
13,385;;;;
13,388;;;;
13,391;;;;
13,394;3,067E-3;-7,440E-3;3,353E-2;0,948
13,397;;;;
13,400;;;;
13,403;;;;
13,406;;;;
13,409;2,953E-3;-7,667E-3;8,382E-3;1,106
13,412;;;;
13,415;;;;
13,418;;;;
13,421;;;;
13,424;2,953E-3;-7,667E-3;0,000;0,316
13,427;;;;
13,430;;;;
13,433;;;;
13,436;;;;
13,439;2,953E-3;-7,667E-3;0,000;0,600
13,442;;;;
13,445;;;;
13,448;;;;
13,452;;;;
13,455;2,953E-3;-7,667E-3;1,590E-2;0,300
13,458;;;;
13,461;;;;
13,464;;;;
13,467;;;;
13,470;2,613E-3;-8,008E-3;1,590E-2;0,300
13,473;;;;
13,476;;;;
13,479;;;;
13,482;;;;
13,485;2,613E-3;-8,008E-3;0,000;1,414
13,488;;;;
13,491;;;;
13,494;;;;
13,497;;;;
13,500;2,613E-3;-8,008E-3;2,186E-2;0,412
13,503;;;;
13,506;;;;
13,509;;;;
13,512;;;;
13,515;3,180E-3;-7,667E-3;2,186E-2;1,204
13,518;;;;
13,521;;;;
13,524;;;;
13,527;;;;
13,530;3,180E-3;-7,667E-3;2,120E-2;1,216
13,533;;;;
13,536;;;;
13,539;;;;
13,542;;;;
13,545;2,726E-3;-8,121E-3;2,120E-2;0,316
13,548;;;;
13,552;;;;
13,555;;;;
13,558;;;;
13,561;2,726E-3;-8,121E-3;3,748E-3;0,751
13,564;;;;
13,567;;;;
13,570;;;;
13,573;;;;
13,576;2,613E-3;-8,121E-3;3,748E-3;0,158
13,579;;;;
13,582;;;;
13,585;;;;
13,588;;;;
13,591;2,613E-3;-8,121E-3;3,748E-3;0,158
13,594;;;;
13,597;;;;
13,600;;;;
13,603;;;;
13,606;2,613E-3;-8,008E-3;3,748E-3;7,068E-2
13,609;;;;
13,612;;;;
13,615;;;;
13,618;;;;
13,621;2,613E-3;-8,008E-3;0,000;0,141
13,624;;;;
13,627;;;;
13,630;;;;
13,633;;;;
13,636;2,613E-3;-8,008E-3;0,000;0,000
13,639;;;;
13,642;;;;
13,645;;;;
13,648;;;;
13,652;2,613E-3;-8,008E-3;0,000;0,894
13,655;;;;
13,658;;;;
13,661;;;;
13,664;;;;
13,667;2,613E-3;-8,008E-3;2,371E-2;1,019
13,670;;;;
13,673;;;;
13,676;;;;
13,679;;;;
13,682;2,385E-3;-8,689E-3;3,859E-2;0,500
13,685;;;;
13,688;;;;
13,691;;;;
13,694;;;;
13,697;2,045E-3;-9,030E-3;2,624E-2;0,951
13,700;;;;
13,703;;;;
13,706;;;;
13,709;;;;
13,712;2,385E-3;-9,485E-3;2,186E-2;
13,715;;;;
13,718;;;;
13,721;;;;
13,724;;;;
13,727;2,385E-3;-9,598E-3;;
13,730;;;;
13,733;;;;
13,736;;;;
13,739;;;;
13,742;;;;
13,745;;;;
13,748;;;;
13,752;;;;
13,755;;;;
13,758;2,158E-3;-9,485E-3;;
13,761;;;;
13,764;;;;
13,767;;;;
13,770;;;;
13,773;2,158E-3;-1,062E-2;3,748E-2;
13,776;;;;
13,779;;;;
13,782;;;;
13,785;;;;
13,788;2,158E-3;-1,062E-2;3,748E-3;1,871
13,791;;;;
13,794;;;;
13,797;;;;
13,800;;;;
13,803;2,045E-3;-1,062E-2;1,351E-2;1,060
13,806;;;;
13,809;;;;
13,812;;;;
13,815;;;;
13,818;2,385E-3;-1,028E-2;2,855E-2;1,499
13,821;;;;
13,824;;;;
13,827;;;;
13,830;;;;
13,833;2,840E-3;-1,096E-2;3,203E-2;1,290
13,836;;;;
13,839;;;;
13,842;;;;
13,845;;;;
13,848;1,477E-3;-1,062E-2;3,913E-2;0,982
13,852;;;;
13,855;;;;
13,858;;;;
13,861;;;;
13,864;1,704E-3;-1,062E-2;1,911E-2;1,640
13,867;;;;
13,870;;;;
13,873;;;;
13,876;;;;
13,879;2,045E-3;-1,073E-2;8,382E-3;0,604
13,882;;;;
13,885;;;;
13,888;;;;
13,891;;;;
13,894;1,931E-3;-1,051E-2;8,382E-3;1,133
13,897;;;;
13,900;;;;
13,903;;;;
13,906;;;;
13,909;1,931E-3;-1,051E-2;3,091E-2;0,400
13,912;;;;
13,915;;;;
13,918;;;;
13,921;;;;
13,924;2,158E-3;-9,598E-3;3,091E-2;2,595
13,927;;;;
13,930;;;;
13,933;;;;
13,936;;;;
13,939;2,158E-3;-9,598E-3;5,855E-2;2,630
13,942;;;;
13,945;;;;
13,948;;;;
13,952;;;;
13,955;3,294E-3;-1,096E-2;5,098E-2;1,750
13,958;;;;
13,961;;;;
13,964;;;;
13,967;;;;
13,970;1,704E-3;-1,107E-2;4,191E-2;1,990
13,973;;;;
13,976;;;;
13,979;;;;
13,982;;;;
13,985;2,045E-3;-1,073E-2;1,590E-2;1,769
13,988;;;;
13,991;;;;
13,994;;;;
13,997;;;;
14,000;2,045E-3;-1,073E-2;3,748E-3;0,552
14,003;;;;
14,006;;;;
14,009;;;;
14,012;;;;
14,015;2,045E-3;-1,062E-2;3,748E-3;0,381
14,018;;;;
14,021;;;;
14,024;;;;
14,027;;;;
14,030;2,045E-3;-1,062E-2;8,382E-3;0,291
14,033;;;;
14,036;;;;
14,039;;;;
14,042;;;;
14,045;2,158E-3;-1,085E-2;8,382E-3;1,839
14,048;;;;
14,052;;;;
14,055;;;;
14,058;;;;
14,061;2,158E-3;-1,085E-2;4,514E-2;1,185
14,064;;;;
14,067;;;;
14,070;;;;
14,073;;;;
14,076;2,272E-3;-9,485E-3;4,514E-2;1,632
14,079;;;;
14,082;;;;
14,085;;;;
14,088;;;;
14,091;2,045E-3;-9,485E-3;2,400E-2;2,196
14,094;;;;
14,097;;;;
14,100;;;;
14,103;;;;
14,106;1,817E-3;-1,005E-2;2,371E-2;0,510
14,109;;;;
14,112;;;;
14,115;;;;
14,118;;;;
14,121;1,817E-3;-1,017E-2;1,874E-2;0,652
14,124;;;;
14,127;;;;
14,130;;;;
14,133;;;;
14,136;1,817E-3;-1,062E-2;4,636E-2;0,255
14,139;;;;
14,142;;;;
14,145;;;;
14,148;;;;
14,152;1,477E-3;-1,153E-2;3,203E-2;1,151
14,155;;;;
14,158;;;;
14,161;;;;
14,164;;;;
14,167;1,477E-3;-1,153E-2;0,000;1,726
14,170;;;;
14,173;;;;
14,176;;;;
14,179;;;;
14,182;1,477E-3;-1,153E-2;1,676E-2;0,894
14,185;;;;
14,188;;;;
14,191;;;;
14,194;;;;
14,197;1,931E-3;-1,130E-2;3,022E-2;0,430
14,200;;;;
14,203;;;;
14,206;;;;
14,209;;;;
14,212;1,931E-3;-1,073E-2;1,185E-2;1,615
14,215;;;;
14,218;;;;
14,221;;;;
14,224;;;;
14,227;1,817E-3;-1,096E-2;2,651E-2;1,204
14,230;;;;
14,233;;;;
14,236;;;;
14,239;;;;
14,242;1,817E-3;-1,153E-2;2,624E-2;0,515
14,245;;;;
14,248;;;;
14,252;;;;
14,255;;;;
14,258;1,817E-3;-1,176E-2;7,497E-3;0,707
14,261;;;;
14,264;;;;
14,267;;;;
14,270;;;;
14,273;1,817E-3;-1,176E-2;3,748E-3;0,255
14,276;;;;
14,279;;;;
14,282;;;;
14,285;;;;
14,288;1,817E-3;-1,187E-2;1,545E-2;0,353
14,291;;;;
14,294;;;;
14,297;;;;
14,300;;;;
14,303;1,704E-3;-1,221E-2;1,676E-2;0,283
14,306;;;;
14,309;;;;
14,312;;;;
14,315;;;;
14,318;1,590E-3;-1,232E-2;5,301E-3;1,345
14,321;;;;
14,324;;;;
14,327;;;;
14,330;;;;
14,333;1,590E-3;-1,232E-2;2,280E-2;0,291
14,336;;;;
14,339;;;;
14,342;;;;
14,345;;;;
14,348;1,477E-3;-1,164E-2;1,676E-2;0,848
14,352;;;;
14,355;;;;
14,358;;;;
14,361;;;;
14,364;1,363E-3;-1,187E-2;1,545E-2;1,415
14,367;;;;
14,370;;;;
14,373;;;;
14,376;;;;
14,379;1,363E-3;-1,210E-2;2,280E-2;0,291
14,382;;;;
14,385;;;;
14,388;;;;
14,391;;;;
14,394;1,249E-3;-1,255E-2;1,185E-2;1,118
14,397;;;;
14,400;;;;
14,403;;;;
14,406;;;;
14,409;1,249E-3;-1,244E-2;1,676E-2;0,583
14,412;;;;
14,415;;;;
14,418;;;;
14,421;;;;
14,424;1,477E-3;-1,210E-2;8,382E-3;0,474
14,427;;;;
14,430;;;;
14,433;;;;
14,436;;;;
14,439;1,363E-3;-1,221E-2;5,301E-3;0,224
14,442;;;;
14,445;;;;
14,448;;;;
14,452;;;;
14,455;1,363E-3;-1,221E-2;1,125E-2;0,381
14,458;;;;
14,461;;;;
14,464;;;;
14,467;;;;
14,470;1,363E-3;-1,187E-2;1,125E-2;0,353
14,473;;;;
14,476;;;;
14,479;;;;
14,482;;;;
14,485;1,363E-3;-1,187E-2;3,748E-3;0,919
14,488;;;;
14,491;;;;
14,494;;;;
14,497;;;;
14,500;1,363E-3;-1,198E-2;1,499E-2;0,400
14,503;;;;
14,506;;;;
14,509;;;;
14,512;;;;
14,515;1,363E-3;-1,232E-2;1,676E-2;2,235
14,518;;;;
14,521;;;;
14,524;;;;
14,527;;;;
14,530;1,590E-3;-1,244E-2;5,301E-2;1,166
14,533;;;;
14,536;;;;
14,539;;;;
14,542;;;;
14,545;2,499E-3;-1,119E-2;3,913E-2;2,064
14,548;;;;
14,552;;;;
14,555;;;;
14,558;;;;
14,561;1,931E-3;-1,130E-2;3,536E-2;2,276
14,564;;;;
14,567;;;;
14,570;;;;
14,573;;;;
14,576;1,590E-3;-1,176E-2;2,514E-2;0,961
14,579;;;;
14,582;;;;
14,585;;;;
14,588;;;;
14,591;1,590E-3;-1,198E-2;7,497E-3;0,824
14,594;;;;
14,597;;;;
14,600;;;;
14,603;;;;
14,606;1,590E-3;-1,198E-2;0,000;0,283
14,609;;;;
14,612;;;;
14,615;;;;
14,618;;;;
14,621;1,590E-3;-1,198E-2;0,000;0,000
14,624;;;;
14,627;;;;
14,630;;;;
14,633;;;;
14,636;1,590E-3;-1,198E-2;0,000;0,000
14,639;;;;
14,642;;;;
14,645;;;;
14,648;;;;
14,652;1,590E-3;-1,198E-2;0,000;0,000
14,655;;;;
14,658;;;;
14,661;;;;
14,664;;;;
14,667;1,590E-3;-1,198E-2;0,000;0,000
14,670;;;;
14,673;;;;
14,676;;;;
14,679;;;;
14,682;1,590E-3;-1,198E-2;0,000;0,000
14,685;;;;
14,688;;;;
14,691;;;;
14,694;;;;
14,697;1,590E-3;-1,198E-2;0,000;0,000
14,700;;;;
14,703;;;;
14,706;;;;
14,709;;;;
14,712;1,590E-3;-1,198E-2;0,000;0,000
14,715;;;;
14,718;;;;
14,721;;;;
14,724;;;;
14,727;1,590E-3;-1,198E-2;0,000;0,000
14,730;;;;
14,733;;;;
14,736;;;;
14,739;;;;
14,742;1,590E-3;-1,198E-2;0,000;0,000
14,745;;;;
14,748;;;;
14,752;;;;
14,755;;;;
14,758;1,590E-3;-1,198E-2;0,000;0,000
14,761;;;;
14,764;;;;
14,767;;;;
14,770;;;;
14,773;1,590E-3;-1,198E-2;0,000;0,000
14,776;;;;
14,779;;;;
14,782;;;;
14,785;;;;
14,788;1,590E-3;-1,198E-2;0,000;1,979
14,791;;;;
14,794;;;;
14,797;;;;
14,800;;;;
14,803;1,590E-3;-1,198E-2;5,248E-2;0,990
14,806;;;;
14,809;;;;
14,812;;;;
14,815;;;;
14,818;1,590E-3;-1,357E-2;5,248E-2;2,701
14,821;;;;
14,824;;;;
14,827;;;;
14,830;;;;
14,833;1,590E-3;-1,357E-2;4,560E-2;1,838
14,836;;;;
14,839;;;;
14,842;;;;
14,845;;;;
14,848;1,363E-3;-1,221E-2;1,911E-2;1,345
14,852;;;;
14,855;;;;
14,858;;;;
14,861;;;;
14,864;1,477E-3;-1,301E-2;2,651E-2;1,204
14,867;;;;
14,870;;;;
14,873;;;;
14,876;;;;
14,879;1,249E-3;-1,301E-2;7,497E-3;1,702
14,882;;;;
14,885;;;;
14,888;;;;
14,891;;;;
14,894;1,249E-3;-1,301E-2;1,911E-2;2,308
14,897;;;;
14,900;;;;
14,903;;;;
14,906;;;;
14,909;1,136E-3;-1,244E-2;6,372E-2;0,951
14,912;;;;
14,915;;;;
14,918;;;;
14,921;;;;
14,924;2,158E-3;-1,130E-2;5,623E-2;1,422
14,927;;;;
14,930;;;;
14,933;;;;
14,936;;;;
14,939;2,158E-3;-1,107E-2;8,382E-3;2,250
14,942;;;;
14,945;;;;
14,948;;;;
14,952;;;;
14,955;2,045E-3;-1,107E-2;1,125E-2;1,151
14,958;;;;
14,961;;;;
14,964;;;;
14,967;;;;
14,970;1,817E-3;-1,107E-2;2,514E-2;0,474
14,973;;;;
14,976;;;;
14,979;;;;
14,982;;;;
14,985;1,704E-3;-1,176E-2;2,280E-2;0,604
14,988;;;;
14,991;;;;
14,994;;;;
14,997;;;;
15,000;1,704E-3;-1,176E-2;3,022E-2;0,158
15,003;;;;
15,006;;;;
15,009;;;;
15,012;;;;
15,015;1,249E-3;-1,255E-2;3,823E-2;1,421
15,018;;;;
15,021;;;;
15,024;;;;
15,027;;;;
15,030;1,477E-3;-1,289E-2;2,019E-2;2,209
15,033;;;;
15,036;;;;
15,039;;;;
15,042;;;;
15,045;1,022E-3;-1,198E-2;4,274E-2;9,996E-2
15,048;;;;
15,052;;;;
15,055;;;;
15,058;;;;
15,061;1,136E-3;-1,164E-2;1,185E-2;1,204
15,064;;;;
15,067;;;;
15,070;;;;
15,073;;;;
15,076;1,136E-3;-1,164E-2;1,351E-2;0,570
15,079;;;;
15,082;;;;
15,085;;;;
15,088;;;;
15,091;1,363E-3;-1,130E-2;3,748E-3;0,453
15,094;;;;
15,097;;;;
15,100;;;;
15,103;;;;
15,106;1,136E-3;-1,153E-2;1,060E-2;0,316
15,109;;;;
15,112;;;;
15,115;;;;
15,118;;;;
15,121;1,136E-3;-1,153E-2;0,000;0,316
15,124;;;;
15,127;;;;
15,130;;;;
15,133;;;;
15,136;1,136E-3;-1,153E-2;3,748E-3;0,212
15,139;;;;
15,142;;;;
15,145;;;;
15,148;;;;
15,151;1,136E-3;-1,164E-2;7,497E-3;0,141
15,155;;;;
15,158;;;;
15,161;;;;
15,164;;;;
15,167;1,136E-3;-1,176E-2;5,301E-3;0,781
15,170;;;;
15,173;;;;
15,176;;;;
15,179;;;;
15,182;1,249E-3;-1,176E-2;2,371E-2;1,726
15,185;;;;
15,188;;;;
15,191;;;;
15,194;;;;
15,197;1,817E-3;-1,198E-2;4,800E-2;1,104
15,200;;;;
15,203;;;;
15,206;;;;
15,209;;;;
15,212;2,385E-3;-1,085E-2;3,767E-2;1,544
15,215;;;;
15,218;;;;
15,221;;;;
15,224;;;;
15,227;1,931E-3;-1,085E-2;1,874E-2;1,498
15,230;;;;
15,233;;;;
15,236;;;;
15,239;;;;
15,242;1,817E-3;-1,085E-2;3,748E-3;0,636
15,245;;;;
15,248;;;;
15,251;;;;
15,255;;;;
15,258;1,817E-3;-1,085E-2;0,000;0,141
15,261;;;;
15,264;;;;
15,267;;;;
15,270;;;;
15,273;1,817E-3;-1,085E-2;0,000;0,141
15,276;;;;
15,279;;;;
15,282;;;;
15,285;;;;
15,288;1,817E-3;-1,085E-2;3,748E-3;0,738
15,291;;;;
15,294;;;;
15,297;;;;
15,300;;;;
15,303;1,704E-3;-1,085E-2;2,019E-2;
15,306;;;;
15,309;;;;
15,312;;;;
15,315;;;;
15,318;1,590E-3;-1,142E-2;;
